0 0.05124223602484472 0.3653846153846154 0.09627329192546584 0.28205128205128205
0 0.16614906832298137 0.4487179487179487 0.11490683229813664 0.19230769230769232
0 0.3447204968944099 0.2564102564102564 0.062111801242236024 0.28205128205128205
0 0.5077639751552795 0.39743589743589747 0.18322981366459629 0.24358974358974358
0 0.34316770186335405 0.5192307692307692 0.13975155279503104 0.16666666666666666
0 0.36180124223602483 0.45192307692307687 0.08385093167701864 0.10897435897435898
0 0.8649068322981367 0.20512820512820518 0.2701863354037267 0.41025641025641024
0 0.9161490683229814 0.3108974358974359 0.16770186335403728 0.30128205128205127
0 0.9549689440993789 0.5128205128205128 0.052795031055900624 0.1282051282051282
0 0.7841614906832298 0.5128205128205128 0.040372670807453416 0.11538461538461539
0 0.7919254658385093 0.4326923076923077 0.08074534161490683 0.09615384615384616
